36.81
36.81
36.81
36.81
35.97
33.97
33.29
33.20
33.20
33.20
31.42
30.42
30.42
31.22
29.45
29.45
29.45
29.45
28.47
26.68
29.55
32.07
32.07
32.07
30.31
29.54
32.32
33.21
33.66
33.66
33.66
31.62
29.90
32.29
31.63
30.86
30.86
30.86
29.71
27.96
27.54
26.19
29.32
29.32
29.32
29.32
29.05
30.68
30.77
29.59
29.59
29.59
31.37
31.84
30.35
31.40
31.65
31.65
31.65
32.74
34.39
34.57
34.56
35.91
35.91
35.91
37.90
36.67
37.62
37.77
38.51
38.51
38.51
37.20
36.32
38.43
40.17
39.47
39.47
39.47
39.91
41.45
38.28
38.14
38.14
38.14
38.14
37.99
36.91
36.91
36.94
35.36
35.36
35.36
34.30
34.52
37.74
37.30
39.74
39.74
39.74
40.46
42.12
41.70
41.45
40.40
40.40
40.40
39.74
40.88
42.72
43.18
42.76
42.76
42.76
41.67
42.52
45.29
46.03
45.98
45.98
45.98
44.75
43.65
43.77
44.33
44.58
44.58
44.58
43.45
44.68
46.21
46.64
46.22
46.22
46.22
47.72
48.29
48.12
48.16
47.67
47.67
47.67
48.12
48.04
49.10
49.00
49.36
49.36
49.36
49.36
49.10
49.07
49.14
48.69
48.69
48.69
49.71
50.37
51.23
50.52
49.09
49.09
49.09
48.89
48.49
47.92
46.14
48.00
48.00
48.00
49.40
48.95
49.16
49.34
46.70
46.70
46.70
45.80
47.93
49.85
48.27
49.02
49.02
49.02
49.02
46.73
47.37
45.22
45.37
45.37
45.37
44.73
46.82
44.87
45.64
45.93
45.93
45.93
45.23
44.64
44.96
43.96
43.41
43.41
43.41
42.40
42.16
41.90
41.13
41.54
41.54
41.54
40.05
39.50
40.80
41.92
41.83
41.83
41.83
43.06
42.78
41.75
43.51
44.47
44.47
44.47
45.72
46.57
46.81
48.20
48.48
48.48
48.48
46.80
47.54
46.29
46.97
47.64
47.64
47.64
46.97
46.32
44.68
43.17
44.39
44.39
44.39
44.39
44.85
45.47
47.63
45.88
45.88
45.88
46.28
44.91
43.62
43.85
43.04
43.04
43.04
43.34
43.85
45.33
46.10
44.36
44.36
44.36
45.60
44.65
47.07
47.72
47.72
47.72
47.72
48.80
48.67
49.75
50.44
49.76
49.76
49.76
49.76
50.72
50.14
50.47
50.35
50.35
50.35
49.97
50.30
51.59
50.31
50.61
50.61
50.61
50.18
49.45
48.75
49.71
48.72
48.72
48.72
46.83
46.66
45.32
44.66
44.07
44.07
44.07
44.88
44.96
45.20
44.62
43.39
43.39
43.39
43.29
45.86
45.56
45.37
45.69
45.69
45.69
47.48
48.07
46.72
46.72
46.72
46.72
45.66
45.29
49.41
51.08
51.70
51.70
51.70
51.72
50.95
49.85
50.84
51.51
51.51
51.51
52.74
52.99
51.01
50.90
51.93
51.93
51.93
52.13
52.22
51.44
51.98
52.01
52.01
52.01
52.01
52.82
54.01
53.80
53.75
53.75
53.76